2021/05/09-16:46:30.026649 3fb0 RocksDB version: 6.17.3
2021/05/09-16:46:30.026724 3fb0 Git sha rocksdb_build_git_sha:@09c7e96eac1ab983f97ce9e0406730b8014b3398@
2021/05/09-16:46:30.026742 3fb0 Compile date 1
2021/05/09-16:46:30.026993 3fb0 DB SUMMARY
2021/05/09-16:46:30.027010 3fb0 DB Session ID:  H582NIINYWU5G17A9NSJ
2021/05/09-16:46:30.038710 3fb0 CURRENT file:  CURRENT
2021/05/09-16:46:30.038749 3fb0 IDENTITY file:  IDENTITY
2021/05/09-16:46:30.038906 3fb0 MANIFEST file:  MANIFEST-000965 size: 495 Bytes
2021/05/09-16:46:30.038967 3fb0 SST files in ./alice-database\db dir, Total Num: 2, files: 000831.sst 000944.sst 
2021/05/09-16:46:30.038989 3fb0 Write Ahead Log file in ./alice-database\db: 000966.log size: 0 ; 
2021/05/09-16:46:30.039015 3fb0                         Options.error_if_exists: 0
2021/05/09-16:46:30.061037 3fb0                       Options.create_if_missing: 1
2021/05/09-16:46:30.061053 3fb0                         Options.paranoid_checks: 1
2021/05/09-16:46:30.061059 3fb0                               Options.track_and_verify_wals_in_manifest: 0
2021/05/09-16:46:30.061065 3fb0                                     Options.env: 0000020B2702B970
2021/05/09-16:46:30.061071 3fb0                                      Options.fs: WinFS
2021/05/09-16:46:30.061077 3fb0                                Options.info_log: 0000020B281BB770
2021/05/09-16:46:30.061222 3fb0                Options.max_file_opening_threads: 16
2021/05/09-16:46:30.061251 3fb0                              Options.statistics: 0000000000000000
2021/05/09-16:46:30.061261 3fb0                               Options.use_fsync: 0
2021/05/09-16:46:30.061269 3fb0                       Options.max_log_file_size: 0
2021/05/09-16:46:30.061277 3fb0                  Options.max_manifest_file_size: 1073741824
2021/05/09-16:46:30.061288 3fb0                   Options.log_file_time_to_roll: 0
2021/05/09-16:46:30.061294 3fb0                       Options.keep_log_file_num: 1000
2021/05/09-16:46:30.061324 3fb0                    Options.recycle_log_file_num: 0
2021/05/09-16:46:30.061345 3fb0                         Options.allow_fallocate: 1
2021/05/09-16:46:30.061357 3fb0                        Options.allow_mmap_reads: 0
2021/05/09-16:46:30.061366 3fb0                       Options.allow_mmap_writes: 0
2021/05/09-16:46:30.061385 3fb0                        Options.use_direct_reads: 0
2021/05/09-16:46:30.061398 3fb0                        Options.use_direct_io_for_flush_and_compaction: 0
2021/05/09-16:46:30.061407 3fb0          Options.create_missing_column_families: 1
2021/05/09-16:46:30.061416 3fb0                              Options.db_log_dir: 
2021/05/09-16:46:30.061424 3fb0                                 Options.wal_dir: ./alice-database\db
2021/05/09-16:46:30.061433 3fb0                Options.table_cache_numshardbits: 6
2021/05/09-16:46:30.061441 3fb0                         Options.WAL_ttl_seconds: 0
2021/05/09-16:46:30.061450 3fb0                       Options.WAL_size_limit_MB: 0
2021/05/09-16:46:30.061458 3fb0                        Options.max_write_batch_group_size_bytes: 1048576
2021/05/09-16:46:30.061467 3fb0             Options.manifest_preallocation_size: 4194304
2021/05/09-16:46:30.061476 3fb0                     Options.is_fd_close_on_exec: 1
2021/05/09-16:46:30.061484 3fb0                   Options.advise_random_on_open: 1
2021/05/09-16:46:30.061493 3fb0                    Options.db_write_buffer_size: 0
2021/05/09-16:46:30.061502 3fb0                    Options.write_buffer_manager: 0000020B28184A40
2021/05/09-16:46:30.061510 3fb0         Options.access_hint_on_compaction_start: 1
2021/05/09-16:46:30.061518 3fb0  Options.new_table_reader_for_compaction_inputs: 0
2021/05/09-16:46:30.061527 3fb0           Options.random_access_max_buffer_size: 1048576
2021/05/09-16:46:30.061536 3fb0                      Options.use_adaptive_mutex: 0
2021/05/09-16:46:30.061548 3fb0                            Options.rate_limiter: 0000000000000000
2021/05/09-16:46:30.061558 3fb0     Options.sst_file_manager.rate_bytes_per_sec: 0
2021/05/09-16:46:30.061566 3fb0                       Options.wal_recovery_mode: 2
2021/05/09-16:46:30.061606 3fb0                  Options.enable_thread_tracking: 0
2021/05/09-16:46:30.061621 3fb0                  Options.enable_pipelined_write: 0
2021/05/09-16:46:30.061631 3fb0                  Options.unordered_write: 0
2021/05/09-16:46:30.061639 3fb0         Options.allow_concurrent_memtable_write: 1
2021/05/09-16:46:30.061648 3fb0      Options.enable_write_thread_adaptive_yield: 1
2021/05/09-16:46:30.061657 3fb0             Options.write_thread_max_yield_usec: 100
2021/05/09-16:46:30.061666 3fb0            Options.write_thread_slow_yield_usec: 3
2021/05/09-16:46:30.061675 3fb0                               Options.row_cache: None
2021/05/09-16:46:30.061683 3fb0                              Options.wal_filter: None
2021/05/09-16:46:30.061694 3fb0             Options.avoid_flush_during_recovery: 0
2021/05/09-16:46:30.061702 3fb0             Options.allow_ingest_behind: 0
2021/05/09-16:46:30.061711 3fb0             Options.preserve_deletes: 0
2021/05/09-16:46:30.061719 3fb0             Options.two_write_queues: 0
2021/05/09-16:46:30.061728 3fb0             Options.manual_wal_flush: 0
2021/05/09-16:46:30.061737 3fb0             Options.atomic_flush: 0
2021/05/09-16:46:30.061746 3fb0             Options.avoid_unnecessary_blocking_io: 0
2021/05/09-16:46:30.061755 3fb0                 Options.persist_stats_to_disk: 0
2021/05/09-16:46:30.061765 3fb0                 Options.write_dbid_to_manifest: 0
2021/05/09-16:46:30.061775 3fb0                 Options.log_readahead_size: 0
2021/05/09-16:46:30.061783 3fb0                 Options.file_checksum_gen_factory: Unknown
2021/05/09-16:46:30.061793 3fb0                 Options.best_efforts_recovery: 0
2021/05/09-16:46:30.061802 3fb0                Options.max_bgerror_resume_count: 2147483647
2021/05/09-16:46:30.061810 3fb0            Options.bgerror_resume_retry_interval: 1000000
2021/05/09-16:46:30.061820 3fb0             Options.allow_data_in_errors: 0
2021/05/09-16:46:30.061830 3fb0             Options.db_host_id: __hostname__
2021/05/09-16:46:30.061840 3fb0             Options.max_background_jobs: 2
2021/05/09-16:46:30.061849 3fb0             Options.max_background_compactions: -1
2021/05/09-16:46:30.061859 3fb0             Options.max_subcompactions: 1
2021/05/09-16:46:30.061869 3fb0             Options.avoid_flush_during_shutdown: 0
2021/05/09-16:46:30.061879 3fb0           Options.writable_file_max_buffer_size: 1048576
2021/05/09-16:46:30.061887 3fb0             Options.delayed_write_rate : 16777216
2021/05/09-16:46:30.061896 3fb0             Options.max_total_wal_size: 0
2021/05/09-16:46:30.061904 3fb0             Options.delete_obsolete_files_period_micros: 21600000000
2021/05/09-16:46:30.061912 3fb0                   Options.stats_dump_period_sec: 600
2021/05/09-16:46:30.061920 3fb0                 Options.stats_persist_period_sec: 600
2021/05/09-16:46:30.061928 3fb0                 Options.stats_history_buffer_size: 1048576
2021/05/09-16:46:30.061936 3fb0                          Options.max_open_files: -1
2021/05/09-16:46:30.061944 3fb0                          Options.bytes_per_sync: 0
2021/05/09-16:46:30.061952 3fb0                      Options.wal_bytes_per_sync: 0
2021/05/09-16:46:30.061960 3fb0                   Options.strict_bytes_per_sync: 0
2021/05/09-16:46:30.061968 3fb0       Options.compaction_readahead_size: 0
2021/05/09-16:46:30.061976 3fb0                  Options.max_background_flushes: -1
2021/05/09-16:46:30.061984 3fb0 Compression algorithms supported:
2021/05/09-16:46:30.061992 3fb0 	kZSTD supported: 0
2021/05/09-16:46:30.062000 3fb0 	kSnappyCompression supported: 0
2021/05/09-16:46:30.062009 3fb0 	kBZip2Compression supported: 0
2021/05/09-16:46:30.062017 3fb0 	kZlibCompression supported: 0
2021/05/09-16:46:30.062025 3fb0 	kLZ4Compression supported: 1
2021/05/09-16:46:30.062032 3fb0 	kXpressCompression supported: 0
2021/05/09-16:46:30.062040 3fb0 	kLZ4HCCompression supported: 1
2021/05/09-16:46:30.062048 3fb0 	kZSTDNotFinalCompression supported: 0
2021/05/09-16:46:30.062067 3fb0 Fast CRC32 supported: Supported on x86
2021/05/09-16:46:30.069246 3fb0 [db/version_set.cc:4757] Recovering from manifest file: ./alice-database\db/MANIFEST-000965
2021/05/09-16:46:30.073523 3fb0 [db/column_family.cc:597] --------------- Options for column family [default]:
2021/05/09-16:46:30.073544 3fb0               Options.comparator: leveldb.BytewiseComparator
2021/05/09-16:46:30.073550 3fb0           Options.merge_operator: None
2021/05/09-16:46:30.073555 3fb0        Options.compaction_filter: None
2021/05/09-16:46:30.073560 3fb0        Options.compaction_filter_factory: None
2021/05/09-16:46:30.073564 3fb0  Options.sst_partitioner_factory: None
2021/05/09-16:46:30.073569 3fb0         Options.memtable_factory: SkipListFactory
2021/05/09-16:46:30.073573 3fb0            Options.table_factory: BlockBasedTable
2021/05/09-16:46:30.073614 3fb0            table_factory options:   flush_block_policy_factory: FlushBlockBySizePolicyFactory (0000020B2676FE30)
  cache_index_and_filter_blocks: 0
  cache_index_and_filter_blocks_with_high_priority: 1
  pin_l0_filter_and_index_blocks_in_cache: 0
  pin_top_level_index_and_filter: 1
  index_type: 0
  data_block_index_type: 0
  index_shortening: 1
  data_block_hash_table_util_ratio: 0.750000
  hash_index_allow_collision: 1
  checksum: 1
  no_block_cache: 0
  block_cache: 0000020B2438CC10
  block_cache_name: LRUCache
  block_cache_options:
    capacity : 8388608
    num_shard_bits : 4
    strict_capacity_limit : 0
    memory_allocator : None
    high_pri_pool_ratio: 0.000
  block_cache_compressed: 0000000000000000
  persistent_cache: 0000000000000000
  block_size: 4096
  block_size_deviation: 10
  block_restart_interval: 16
  index_block_restart_interval: 1
  metadata_block_size: 4096
  partition_filters: 0
  use_delta_encoding: 1
  filter_policy: nullptr
  whole_key_filtering: 1
  verify_compression: 0
  read_amp_bytes_per_bit: 0
  format_version: 4
  enable_index_compression: 1
  block_align: 0
2021/05/09-16:46:30.073619 3fb0        Options.write_buffer_size: 67108864
2021/05/09-16:46:30.073624 3fb0  Options.max_write_buffer_number: 2
2021/05/09-16:46:30.073629 3fb0          Options.compression: LZ4
2021/05/09-16:46:30.073634 3fb0                  Options.bottommost_compression: Disabled
2021/05/09-16:46:30.073639 3fb0       Options.prefix_extractor: nullptr
2021/05/09-16:46:30.073643 3fb0   Options.memtable_insert_with_hint_prefix_extractor: nullptr
2021/05/09-16:46:30.073648 3fb0             Options.num_levels: 7
2021/05/09-16:46:30.073652 3fb0        Options.min_write_buffer_number_to_merge: 1
2021/05/09-16:46:30.073657 3fb0     Options.max_write_buffer_number_to_maintain: 0
2021/05/09-16:46:30.073661 3fb0     Options.max_write_buffer_size_to_maintain: 0
2021/05/09-16:46:30.073666 3fb0            Options.bottommost_compression_opts.window_bits: -14
2021/05/09-16:46:30.073671 3fb0                  Options.bottommost_compression_opts.level: 32767
2021/05/09-16:46:30.073676 3fb0               Options.bottommost_compression_opts.strategy: 0
2021/05/09-16:46:30.073680 3fb0         Options.bottommost_compression_opts.max_dict_bytes: 0
2021/05/09-16:46:30.073685 3fb0         Options.bottommost_compression_opts.zstd_max_train_bytes: 0
2021/05/09-16:46:30.073690 3fb0         Options.bottommost_compression_opts.parallel_threads: 1
2021/05/09-16:46:30.073694 3fb0                  Options.bottommost_compression_opts.enabled: false
2021/05/09-16:46:30.073699 3fb0            Options.compression_opts.window_bits: -14
2021/05/09-16:46:30.073704 3fb0                  Options.compression_opts.level: 32767
2021/05/09-16:46:30.073708 3fb0               Options.compression_opts.strategy: 0
2021/05/09-16:46:30.073713 3fb0         Options.compression_opts.max_dict_bytes: 0
2021/05/09-16:46:30.073718 3fb0         Options.compression_opts.zstd_max_train_bytes: 0
2021/05/09-16:46:30.073722 3fb0         Options.compression_opts.parallel_threads: 1
2021/05/09-16:46:30.073727 3fb0                  Options.compression_opts.enabled: false
2021/05/09-16:46:30.073731 3fb0      Options.level0_file_num_compaction_trigger: 4
2021/05/09-16:46:30.073739 3fb0          Options.level0_slowdown_writes_trigger: 20
2021/05/09-16:46:30.073745 3fb0              Options.level0_stop_writes_trigger: 36
2021/05/09-16:46:30.073750 3fb0                   Options.target_file_size_base: 67108864
2021/05/09-16:46:30.073755 3fb0             Options.target_file_size_multiplier: 1
2021/05/09-16:46:30.073759 3fb0                Options.max_bytes_for_level_base: 268435456
2021/05/09-16:46:30.073764 3fb0 Options.level_compaction_dynamic_level_bytes: 0
2021/05/09-16:46:30.073769 3fb0          Options.max_bytes_for_level_multiplier: 10.000000
2021/05/09-16:46:30.073774 3fb0 Options.max_bytes_for_level_multiplier_addtl[0]: 1
2021/05/09-16:46:30.073779 3fb0 Options.max_bytes_for_level_multiplier_addtl[1]: 1
2021/05/09-16:46:30.073784 3fb0 Options.max_bytes_for_level_multiplier_addtl[2]: 1
2021/05/09-16:46:30.073788 3fb0 Options.max_bytes_for_level_multiplier_addtl[3]: 1
2021/05/09-16:46:30.073793 3fb0 Options.max_bytes_for_level_multiplier_addtl[4]: 1
2021/05/09-16:46:30.073798 3fb0 Options.max_bytes_for_level_multiplier_addtl[5]: 1
2021/05/09-16:46:30.073802 3fb0 Options.max_bytes_for_level_multiplier_addtl[6]: 1
2021/05/09-16:46:30.073807 3fb0       Options.max_sequential_skip_in_iterations: 8
2021/05/09-16:46:30.073811 3fb0                    Options.max_compaction_bytes: 1677721600
2021/05/09-16:46:30.073816 3fb0                        Options.arena_block_size: 8388608
2021/05/09-16:46:30.073821 3fb0   Options.soft_pending_compaction_bytes_limit: 68719476736
2021/05/09-16:46:30.073826 3fb0   Options.hard_pending_compaction_bytes_limit: 274877906944
2021/05/09-16:46:30.073830 3fb0       Options.rate_limit_delay_max_milliseconds: 100
2021/05/09-16:46:30.073835 3fb0                Options.disable_auto_compactions: 0
2021/05/09-16:46:30.073840 3fb0                        Options.compaction_style: kCompactionStyleLevel
2021/05/09-16:46:30.073849 3fb0                          Options.compaction_pri: kMinOverlappingRatio
2021/05/09-16:46:30.073854 3fb0 Options.compaction_options_universal.size_ratio: 1
2021/05/09-16:46:30.073858 3fb0 Options.compaction_options_universal.min_merge_width: 2
2021/05/09-16:46:30.073863 3fb0 Options.compaction_options_universal.max_merge_width: 4294967295
2021/05/09-16:46:30.073868 3fb0 Options.compaction_options_universal.max_size_amplification_percent: 200
2021/05/09-16:46:30.073872 3fb0 Options.compaction_options_universal.compression_size_percent: -1
2021/05/09-16:46:30.073877 3fb0 Options.compaction_options_universal.stop_style: kCompactionStopStyleTotalSize
2021/05/09-16:46:30.073882 3fb0 Options.compaction_options_fifo.max_table_files_size: 1073741824
2021/05/09-16:46:30.073887 3fb0 Options.compaction_options_fifo.allow_compaction: 0
2021/05/09-16:46:30.073894 3fb0                   Options.table_properties_collectors: 
2021/05/09-16:46:30.073899 3fb0                   Options.inplace_update_support: 0
2021/05/09-16:46:30.073904 3fb0                 Options.inplace_update_num_locks: 10000
2021/05/09-16:46:30.073908 3fb0               Options.memtable_prefix_bloom_size_ratio: 0.000000
2021/05/09-16:46:30.073913 3fb0               Options.memtable_whole_key_filtering: 0
2021/05/09-16:46:30.073918 3fb0   Options.memtable_huge_page_size: 0
2021/05/09-16:46:30.073923 3fb0                           Options.bloom_locality: 0
2021/05/09-16:46:30.073927 3fb0                    Options.max_successive_merges: 0
2021/05/09-16:46:30.073932 3fb0                Options.optimize_filters_for_hits: 0
2021/05/09-16:46:30.073937 3fb0                Options.paranoid_file_checks: 0
2021/05/09-16:46:30.073941 3fb0                Options.force_consistency_checks: 1
2021/05/09-16:46:30.073946 3fb0                Options.report_bg_io_stats: 0
2021/05/09-16:46:30.073950 3fb0                               Options.ttl: 2592000
2021/05/09-16:46:30.073955 3fb0          Options.periodic_compaction_seconds: 0
2021/05/09-16:46:30.073960 3fb0                    Options.enable_blob_files: false
2021/05/09-16:46:30.073964 3fb0                        Options.min_blob_size: 0
2021/05/09-16:46:30.074011 3fb0                       Options.blob_file_size: 268435456
2021/05/09-16:46:30.074018 3fb0                Options.blob_compression_type: NoCompression
2021/05/09-16:46:30.074023 3fb0       Options.enable_blob_garbage_collection: false
2021/05/09-16:46:30.074027 3fb0   Options.blob_garbage_collection_age_cutoff: 0.250000
2021/05/09-16:46:30.080351 3fb0 [db/version_set.cc:4805] Recovered from manifest file:./alice-database\db/MANIFEST-000965 succeeded,manifest_file_number is 965, next_file_number is 967, last_sequence is 1384, log_number is 962,prev_log_number is 0,max_column_family is 0,min_log_number_to_keep is 0
2021/05/09-16:46:30.080369 3fb0 [db/version_set.cc:4814] Column family [default] (ID 0), log number is 962
2021/05/09-16:46:30.088161 3fb0 [db/version_set.cc:4111] Creating manifest 969
2021/05/09-16:46:30.184043 3fb0 EVENT_LOG_v1 {"time_micros": 1620571590184005, "job": 1, "event": "recovery_started", "wal_files": [966]}
2021/05/09-16:46:30.184063 3fb0 [db/db_impl/db_impl_open.cc:849] Recovering log #966 mode 2
2021/05/09-16:46:30.184202 3fb0 [db/version_set.cc:4111] Creating manifest 970
2021/05/09-16:46:30.268656 3fb0 EVENT_LOG_v1 {"time_micros": 1620571590268635, "job": 1, "event": "recovery_finished"}
2021/05/09-16:46:30.277753 3fb0 [file/delete_scheduler.cc:75] Deleted file ./alice-database\db/000966.log immediately, rate_bytes_per_sec 0, total_trash_size 0 max_trash_db_ratio 0.250000
2021/05/09-16:46:30.424737 3fb0 [db/db_impl/db_impl_open.cc:1707] SstFileManager instance 0000020B27E3DA30
2021/05/09-16:46:30.432844 3fb0 DB pointer 0000020B281BCD50
2021/05/09-16:46:30.433317 2784 [db/db_impl/db_impl.cc:927] ------- DUMPING STATS -------
2021/05/09-16:46:30.433330 2784 [db/db_impl/db_impl.cc:928] 
** DB Stats **
Uptime(secs): 0.4 total, 0.4 interval
Cumulative writes: 0 writes, 0 keys, 0 commit groups, 0.0 writes per commit group, ingest: 0.00 GB, 0.00 MB/s
Cumulative WAL: 0 writes, 0 syncs, 0.00 writes per sync, written: 0.00 GB, 0.00 MB/s
Cumulative stall: 00:00:0.000 H:M:S, 0.0 percent
Interval writes: 0 writes, 0 keys, 0 commit groups, 0.0 writes per commit group, ingest: 0.00 MB, 0.00 MB/s
Interval WAL: 0 writes, 0 syncs, 0.00 writes per sync, written: 0.00 MB, 0.00 MB/s
Interval stall: 00:00:0.000 H:M:S, 0.0 percent

** Compaction Stats [default] **
Level    Files   Size     Score Read(GB)  Rn(GB) Rnp1(GB) Write(GB) Wnew(GB) Moved(GB) W-Amp Rd(MB/s) Wr(MB/s) Comp(sec) CompMergeCPU(sec) Comp(cnt) Avg(sec) KeyIn KeyDrop
----------------------------------------------------------------------------------------------------------------------------------------------------------------------------
  L0      1/0   20.38 KB   0.2      0.0     0.0      0.0       0.0      0.0       0.0   0.0      0.0      0.0      0.00              0.00         0    0.000       0      0
  L1      1/0   121.32 KB   0.0      0.0     0.0      0.0       0.0      0.0       0.0   0.0      0.0      0.0      0.00              0.00         0    0.000       0      0
 Sum      2/0   141.70 KB   0.0      0.0     0.0      0.0       0.0      0.0       0.0   0.0      0.0      0.0      0.00              0.00         0    0.000       0      0
 Int      0/0    0.00 KB   0.0      0.0     0.0      0.0       0.0      0.0       0.0   0.0      0.0      0.0      0.00              0.00         0    0.000       0      0

** Compaction Stats [default] **
Priority    Files   Size     Score Read(GB)  Rn(GB) Rnp1(GB) Write(GB) Wnew(GB) Moved(GB) W-Amp Rd(MB/s) Wr(MB/s) Comp(sec) CompMergeCPU(sec) Comp(cnt) Avg(sec) KeyIn KeyDrop
-------------------------------------------------------------------------------------------------------------------------------------------------------------------------------
Uptime(secs): 0.4 total, 0.4 interval
Flush(GB): cumulative 0.000, interval 0.000
AddFile(GB): cumulative 0.000, interval 0.000
AddFile(Total Files): cumulative 0, interval 0
AddFile(L0 Files): cumulative 0, interval 0
AddFile(Keys): cumulative 0, interval 0
Cumulative compaction: 0.00 GB write, 0.00 MB/s write, 0.00 GB read, 0.00 MB/s read, 0.0 seconds
Interval compaction: 0.00 GB write, 0.00 MB/s write, 0.00 GB read, 0.00 MB/s read, 0.0 seconds
Stalls(count): 0 level0_slowdown, 0 level0_slowdown_with_compaction, 0 level0_numfiles, 0 level0_numfiles_with_compaction, 0 stop for pending_compaction_bytes, 0 slowdown for pending_compaction_bytes, 0 memtable_compaction, 0 memtable_slowdown, interval 0 total count

** File Read Latency Histogram By Level [default] **

** Compaction Stats [default] **
Level    Files   Size     Score Read(GB)  Rn(GB) Rnp1(GB) Write(GB) Wnew(GB) Moved(GB) W-Amp Rd(MB/s) Wr(MB/s) Comp(sec) CompMergeCPU(sec) Comp(cnt) Avg(sec) KeyIn KeyDrop
----------------------------------------------------------------------------------------------------------------------------------------------------------------------------
  L0      1/0   20.38 KB   0.2      0.0     0.0      0.0       0.0      0.0       0.0   0.0      0.0      0.0      0.00              0.00         0    0.000       0      0
  L1      1/0   121.32 KB   0.0      0.0     0.0      0.0       0.0      0.0       0.0   0.0      0.0      0.0      0.00              0.00         0    0.000       0      0
 Sum      2/0   141.70 KB   0.0      0.0     0.0      0.0       0.0      0.0       0.0   0.0      0.0      0.0      0.00              0.00         0    0.000       0      0
 Int      0/0    0.00 KB   0.0      0.0     0.0      0.0       0.0      0.0       0.0   0.0      0.0      0.0      0.00              0.00         0    0.000       0      0

** Compaction Stats [default] **
Priority    Files   Size     Score Read(GB)  Rn(GB) Rnp1(GB) Write(GB) Wnew(GB) Moved(GB) W-Amp Rd(MB/s) Wr(MB/s) Comp(sec) CompMergeCPU(sec) Comp(cnt) Avg(sec) KeyIn KeyDrop
-------------------------------------------------------------------------------------------------------------------------------------------------------------------------------
Uptime(secs): 0.4 total, 0.0 interval
Flush(GB): cumulative 0.000, interval 0.000
AddFile(GB): cumulative 0.000, interval 0.000
AddFile(Total Files): cumulative 0, interval 0
AddFile(L0 Files): cumulative 0, interval 0
AddFile(Keys): cumulative 0, interval 0
Cumulative compaction: 0.00 GB write, 0.00 MB/s write, 0.00 GB read, 0.00 MB/s read, 0.0 seconds
Interval compaction: 0.00 GB write, 0.00 MB/s write, 0.00 GB read, 0.00 MB/s read, 0.0 seconds
Stalls(count): 0 level0_slowdown, 0 level0_slowdown_with_compaction, 0 level0_numfiles, 0 level0_numfiles_with_compaction, 0 stop for pending_compaction_bytes, 0 slowdown for pending_compaction_bytes, 0 memtable_compaction, 0 memtable_slowdown, interval 0 total count

** File Read Latency Histogram By Level [default] **
2021/05/09-16:56:30.449711 2784 [db/db_impl/db_impl.cc:927] ------- DUMPING STATS -------
2021/05/09-16:56:30.449740 2784 [db/db_impl/db_impl.cc:928] 
** DB Stats **
Uptime(secs): 600.4 total, 600.0 interval
Cumulative writes: 0 writes, 0 keys, 0 commit groups, 0.0 writes per commit group, ingest: 0.00 GB, 0.00 MB/s
Cumulative WAL: 0 writes, 0 syncs, 0.00 writes per sync, written: 0.00 GB, 0.00 MB/s
Cumulative stall: 00:00:0.000 H:M:S, 0.0 percent
Interval writes: 0 writes, 0 keys, 0 commit groups, 0.0 writes per commit group, ingest: 0.00 MB, 0.00 MB/s
Interval WAL: 0 writes, 0 syncs, 0.00 writes per sync, written: 0.00 MB, 0.00 MB/s
Interval stall: 00:00:0.000 H:M:S, 0.0 percent

** Compaction Stats [default] **
Level    Files   Size     Score Read(GB)  Rn(GB) Rnp1(GB) Write(GB) Wnew(GB) Moved(GB) W-Amp Rd(MB/s) Wr(MB/s) Comp(sec) CompMergeCPU(sec) Comp(cnt) Avg(sec) KeyIn KeyDrop
----------------------------------------------------------------------------------------------------------------------------------------------------------------------------
  L0      1/0   20.38 KB   0.2      0.0     0.0      0.0       0.0      0.0       0.0   0.0      0.0      0.0      0.00              0.00         0    0.000       0      0
  L1      1/0   121.32 KB   0.0      0.0     0.0      0.0       0.0      0.0       0.0   0.0      0.0      0.0      0.00              0.00         0    0.000       0      0
 Sum      2/0   141.70 KB   0.0      0.0     0.0      0.0       0.0      0.0       0.0   0.0      0.0      0.0      0.00              0.00         0    0.000       0      0
 Int      0/0    0.00 KB   0.0      0.0     0.0      0.0       0.0      0.0       0.0   0.0      0.0      0.0      0.00              0.00         0    0.000       0      0

** Compaction Stats [default] **
Priority    Files   Size     Score Read(GB)  Rn(GB) Rnp1(GB) Write(GB) Wnew(GB) Moved(GB) W-Amp Rd(MB/s) Wr(MB/s) Comp(sec) CompMergeCPU(sec) Comp(cnt) Avg(sec) KeyIn KeyDrop
-------------------------------------------------------------------------------------------------------------------------------------------------------------------------------
Uptime(secs): 600.4 total, 600.0 interval
Flush(GB): cumulative 0.000, interval 0.000
AddFile(GB): cumulative 0.000, interval 0.000
AddFile(Total Files): cumulative 0, interval 0
AddFile(L0 Files): cumulative 0, interval 0
AddFile(Keys): cumulative 0, interval 0
Cumulative compaction: 0.00 GB write, 0.00 MB/s write, 0.00 GB read, 0.00 MB/s read, 0.0 seconds
Interval compaction: 0.00 GB write, 0.00 MB/s write, 0.00 GB read, 0.00 MB/s read, 0.0 seconds
Stalls(count): 0 level0_slowdown, 0 level0_slowdown_with_compaction, 0 level0_numfiles, 0 level0_numfiles_with_compaction, 0 stop for pending_compaction_bytes, 0 slowdown for pending_compaction_bytes, 0 memtable_compaction, 0 memtable_slowdown, interval 0 total count

** File Read Latency Histogram By Level [default] **

** Compaction Stats [default] **
Level    Files   Size     Score Read(GB)  Rn(GB) Rnp1(GB) Write(GB) Wnew(GB) Moved(GB) W-Amp Rd(MB/s) Wr(MB/s) Comp(sec) CompMergeCPU(sec) Comp(cnt) Avg(sec) KeyIn KeyDrop
----------------------------------------------------------------------------------------------------------------------------------------------------------------------------
  L0      1/0   20.38 KB   0.2      0.0     0.0      0.0       0.0      0.0       0.0   0.0      0.0      0.0      0.00              0.00         0    0.000       0      0
  L1      1/0   121.32 KB   0.0      0.0     0.0      0.0       0.0      0.0       0.0   0.0      0.0      0.0      0.00              0.00         0    0.000       0      0
 Sum      2/0   141.70 KB   0.0      0.0     0.0      0.0       0.0      0.0       0.0   0.0      0.0      0.0      0.00              0.00         0    0.000       0      0
 Int      0/0    0.00 KB   0.0      0.0     0.0      0.0       0.0      0.0       0.0   0.0      0.0      0.0      0.00              0.00         0    0.000       0      0

** Compaction Stats [default] **
Priority    Files   Size     Score Read(GB)  Rn(GB) Rnp1(GB) Write(GB) Wnew(GB) Moved(GB) W-Amp Rd(MB/s) Wr(MB/s) Comp(sec) CompMergeCPU(sec) Comp(cnt) Avg(sec) KeyIn KeyDrop
-------------------------------------------------------------------------------------------------------------------------------------------------------------------------------
Uptime(secs): 600.4 total, 0.0 interval
Flush(GB): cumulative 0.000, interval 0.000
AddFile(GB): cumulative 0.000, interval 0.000
AddFile(Total Files): cumulative 0, interval 0
AddFile(L0 Files): cumulative 0, interval 0
AddFile(Keys): cumulative 0, interval 0
Cumulative compaction: 0.00 GB write, 0.00 MB/s write, 0.00 GB read, 0.00 MB/s read, 0.0 seconds
Interval compaction: 0.00 GB write, 0.00 MB/s write, 0.00 GB read, 0.00 MB/s read, 0.0 seconds
Stalls(count): 0 level0_slowdown, 0 level0_slowdown_with_compaction, 0 level0_numfiles, 0 level0_numfiles_with_compaction, 0 stop for pending_compaction_bytes, 0 slowdown for pending_compaction_bytes, 0 memtable_compaction, 0 memtable_slowdown, interval 0 total count

** File Read Latency Histogram By Level [default] **
2021/05/09-17:06:30.456488 2784 [db/db_impl/db_impl.cc:927] ------- DUMPING STATS -------
2021/05/09-17:06:30.456570 2784 [db/db_impl/db_impl.cc:928] 
** DB Stats **
Uptime(secs): 1200.4 total, 600.0 interval
Cumulative writes: 4 writes, 3 keys, 4 commit groups, 0.8 writes per commit group, ingest: 0.00 GB, 0.00 MB/s
Cumulative WAL: 4 writes, 0 syncs, 4.00 writes per sync, written: 0.00 GB, 0.00 MB/s
Cumulative stall: 00:00:0.000 H:M:S, 0.0 percent
Interval writes: 4 writes, 3 keys, 4 commit groups, 0.8 writes per commit group, ingest: 0.07 MB, 0.00 MB/s
Interval WAL: 4 writes, 0 syncs, 4.00 writes per sync, written: 0.00 MB, 0.00 MB/s
Interval stall: 00:00:0.000 H:M:S, 0.0 percent

** Compaction Stats [default] **
Level    Files   Size     Score Read(GB)  Rn(GB) Rnp1(GB) Write(GB) Wnew(GB) Moved(GB) W-Amp Rd(MB/s) Wr(MB/s) Comp(sec) CompMergeCPU(sec) Comp(cnt) Avg(sec) KeyIn KeyDrop
----------------------------------------------------------------------------------------------------------------------------------------------------------------------------
  L0      1/0   20.38 KB   0.2      0.0     0.0      0.0       0.0      0.0       0.0   0.0      0.0      0.0      0.00              0.00         0    0.000       0      0
  L1      1/0   121.32 KB   0.0      0.0     0.0      0.0       0.0      0.0       0.0   0.0      0.0      0.0      0.00              0.00         0    0.000       0      0
 Sum      2/0   141.70 KB   0.0      0.0     0.0      0.0       0.0      0.0       0.0   0.0      0.0      0.0      0.00              0.00         0    0.000       0      0
 Int      0/0    0.00 KB   0.0      0.0     0.0      0.0       0.0      0.0       0.0   0.0      0.0      0.0      0.00              0.00         0    0.000       0      0

** Compaction Stats [default] **
Priority    Files   Size     Score Read(GB)  Rn(GB) Rnp1(GB) Write(GB) Wnew(GB) Moved(GB) W-Amp Rd(MB/s) Wr(MB/s) Comp(sec) CompMergeCPU(sec) Comp(cnt) Avg(sec) KeyIn KeyDrop
-------------------------------------------------------------------------------------------------------------------------------------------------------------------------------
Uptime(secs): 1200.4 total, 600.0 interval
Flush(GB): cumulative 0.000, interval 0.000
AddFile(GB): cumulative 0.000, interval 0.000
AddFile(Total Files): cumulative 0, interval 0
AddFile(L0 Files): cumulative 0, interval 0
AddFile(Keys): cumulative 0, interval 0
Cumulative compaction: 0.00 GB write, 0.00 MB/s write, 0.00 GB read, 0.00 MB/s read, 0.0 seconds
Interval compaction: 0.00 GB write, 0.00 MB/s write, 0.00 GB read, 0.00 MB/s read, 0.0 seconds
Stalls(count): 0 level0_slowdown, 0 level0_slowdown_with_compaction, 0 level0_numfiles, 0 level0_numfiles_with_compaction, 0 stop for pending_compaction_bytes, 0 slowdown for pending_compaction_bytes, 0 memtable_compaction, 0 memtable_slowdown, interval 0 total count

** File Read Latency Histogram By Level [default] **

** Compaction Stats [default] **
Level    Files   Size     Score Read(GB)  Rn(GB) Rnp1(GB) Write(GB) Wnew(GB) Moved(GB) W-Amp Rd(MB/s) Wr(MB/s) Comp(sec) CompMergeCPU(sec) Comp(cnt) Avg(sec) KeyIn KeyDrop
----------------------------------------------------------------------------------------------------------------------------------------------------------------------------
  L0      1/0   20.38 KB   0.2      0.0     0.0      0.0       0.0      0.0       0.0   0.0      0.0      0.0      0.00              0.00         0    0.000       0      0
  L1      1/0   121.32 KB   0.0      0.0     0.0      0.0       0.0      0.0       0.0   0.0      0.0      0.0      0.00              0.00         0    0.000       0      0
 Sum      2/0   141.70 KB   0.0      0.0     0.0      0.0       0.0      0.0       0.0   0.0      0.0      0.0      0.00              0.00         0    0.000       0      0
 Int      0/0    0.00 KB   0.0      0.0     0.0      0.0       0.0      0.0       0.0   0.0      0.0      0.0      0.00              0.00         0    0.000       0      0

** Compaction Stats [default] **
Priority    Files   Size     Score Read(GB)  Rn(GB) Rnp1(GB) Write(GB) Wnew(GB) Moved(GB) W-Amp Rd(MB/s) Wr(MB/s) Comp(sec) CompMergeCPU(sec) Comp(cnt) Avg(sec) KeyIn KeyDrop
-------------------------------------------------------------------------------------------------------------------------------------------------------------------------------
Uptime(secs): 1200.4 total, 0.0 interval
Flush(GB): cumulative 0.000, interval 0.000
AddFile(GB): cumulative 0.000, interval 0.000
AddFile(Total Files): cumulative 0, interval 0
AddFile(L0 Files): cumulative 0, interval 0
AddFile(Keys): cumulative 0, interval 0
Cumulative compaction: 0.00 GB write, 0.00 MB/s write, 0.00 GB read, 0.00 MB/s read, 0.0 seconds
Interval compaction: 0.00 GB write, 0.00 MB/s write, 0.00 GB read, 0.00 MB/s read, 0.0 seconds
Stalls(count): 0 level0_slowdown, 0 level0_slowdown_with_compaction, 0 level0_numfiles, 0 level0_numfiles_with_compaction, 0 stop for pending_compaction_bytes, 0 slowdown for pending_compaction_bytes, 0 memtable_compaction, 0 memtable_slowdown, interval 0 total count

** File Read Latency Histogram By Level [default] **
2021/05/09-17:16:30.461270 2784 [db/db_impl/db_impl.cc:927] ------- DUMPING STATS -------
2021/05/09-17:16:30.461308 2784 [db/db_impl/db_impl.cc:928] 
** DB Stats **
Uptime(secs): 1800.4 total, 600.0 interval
Cumulative writes: 4 writes, 3 keys, 4 commit groups, 0.8 writes per commit group, ingest: 0.00 GB, 0.00 MB/s
Cumulative WAL: 4 writes, 0 syncs, 4.00 writes per sync, written: 0.00 GB, 0.00 MB/s
Cumulative stall: 00:00:0.000 H:M:S, 0.0 percent
Interval writes: 0 writes, 0 keys, 0 commit groups, 0.0 writes per commit group, ingest: 0.00 MB, 0.00 MB/s
Interval WAL: 0 writes, 0 syncs, 0.00 writes per sync, written: 0.00 MB, 0.00 MB/s
Interval stall: 00:00:0.000 H:M:S, 0.0 percent

** Compaction Stats [default] **
Level    Files   Size     Score Read(GB)  Rn(GB) Rnp1(GB) Write(GB) Wnew(GB) Moved(GB) W-Amp Rd(MB/s) Wr(MB/s) Comp(sec) CompMergeCPU(sec) Comp(cnt) Avg(sec) KeyIn KeyDrop
----------------------------------------------------------------------------------------------------------------------------------------------------------------------------
  L0      1/0   20.38 KB   0.2      0.0     0.0      0.0       0.0      0.0       0.0   0.0      0.0      0.0      0.00              0.00         0    0.000       0      0
  L1      1/0   121.32 KB   0.0      0.0     0.0      0.0       0.0      0.0       0.0   0.0      0.0      0.0      0.00              0.00         0    0.000       0      0
 Sum      2/0   141.70 KB   0.0      0.0     0.0      0.0       0.0      0.0       0.0   0.0      0.0      0.0      0.00              0.00         0    0.000       0      0
 Int      0/0    0.00 KB   0.0      0.0     0.0      0.0       0.0      0.0       0.0   0.0      0.0      0.0      0.00              0.00         0    0.000       0      0

** Compaction Stats [default] **
Priority    Files   Size     Score Read(GB)  Rn(GB) Rnp1(GB) Write(GB) Wnew(GB) Moved(GB) W-Amp Rd(MB/s) Wr(MB/s) Comp(sec) CompMergeCPU(sec) Comp(cnt) Avg(sec) KeyIn KeyDrop
-------------------------------------------------------------------------------------------------------------------------------------------------------------------------------
Uptime(secs): 1800.4 total, 600.0 interval
Flush(GB): cumulative 0.000, interval 0.000
AddFile(GB): cumulative 0.000, interval 0.000
AddFile(Total Files): cumulative 0, interval 0
AddFile(L0 Files): cumulative 0, interval 0
AddFile(Keys): cumulative 0, interval 0
Cumulative compaction: 0.00 GB write, 0.00 MB/s write, 0.00 GB read, 0.00 MB/s read, 0.0 seconds
Interval compaction: 0.00 GB write, 0.00 MB/s write, 0.00 GB read, 0.00 MB/s read, 0.0 seconds
Stalls(count): 0 level0_slowdown, 0 level0_slowdown_with_compaction, 0 level0_numfiles, 0 level0_numfiles_with_compaction, 0 stop for pending_compaction_bytes, 0 slowdown for pending_compaction_bytes, 0 memtable_compaction, 0 memtable_slowdown, interval 0 total count

** File Read Latency Histogram By Level [default] **

** Compaction Stats [default] **
Level    Files   Size     Score Read(GB)  Rn(GB) Rnp1(GB) Write(GB) Wnew(GB) Moved(GB) W-Amp Rd(MB/s) Wr(MB/s) Comp(sec) CompMergeCPU(sec) Comp(cnt) Avg(sec) KeyIn KeyDrop
----------------------------------------------------------------------------------------------------------------------------------------------------------------------------
  L0      1/0   20.38 KB   0.2      0.0     0.0      0.0       0.0      0.0       0.0   0.0      0.0      0.0      0.00              0.00         0    0.000       0      0
  L1      1/0   121.32 KB   0.0      0.0     0.0      0.0       0.0      0.0       0.0   0.0      0.0      0.0      0.00              0.00         0    0.000       0      0
 Sum      2/0   141.70 KB   0.0      0.0     0.0      0.0       0.0      0.0       0.0   0.0      0.0      0.0      0.00              0.00         0    0.000       0      0
 Int      0/0    0.00 KB   0.0      0.0     0.0      0.0       0.0      0.0       0.0   0.0      0.0      0.0      0.00              0.00         0    0.000       0      0

** Compaction Stats [default] **
Priority    Files   Size     Score Read(GB)  Rn(GB) Rnp1(GB) Write(GB) Wnew(GB) Moved(GB) W-Amp Rd(MB/s) Wr(MB/s) Comp(sec) CompMergeCPU(sec) Comp(cnt) Avg(sec) KeyIn KeyDrop
-------------------------------------------------------------------------------------------------------------------------------------------------------------------------------
Uptime(secs): 1800.4 total, 0.0 interval
Flush(GB): cumulative 0.000, interval 0.000
AddFile(GB): cumulative 0.000, interval 0.000
AddFile(Total Files): cumulative 0, interval 0
AddFile(L0 Files): cumulative 0, interval 0
AddFile(Keys): cumulative 0, interval 0
Cumulative compaction: 0.00 GB write, 0.00 MB/s write, 0.00 GB read, 0.00 MB/s read, 0.0 seconds
Interval compaction: 0.00 GB write, 0.00 MB/s write, 0.00 GB read, 0.00 MB/s read, 0.0 seconds
Stalls(count): 0 level0_slowdown, 0 level0_slowdown_with_compaction, 0 level0_numfiles, 0 level0_numfiles_with_compaction, 0 stop for pending_compaction_bytes, 0 slowdown for pending_compaction_bytes, 0 memtable_compaction, 0 memtable_slowdown, interval 0 total count

** File Read Latency Histogram By Level [default] **
2021/05/09-17:26:30.475468 2784 [db/db_impl/db_impl.cc:927] ------- DUMPING STATS -------
2021/05/09-17:26:30.475499 2784 [db/db_impl/db_impl.cc:928] 
** DB Stats **
Uptime(secs): 2400.4 total, 600.0 interval
Cumulative writes: 4 writes, 3 keys, 4 commit groups, 0.8 writes per commit group, ingest: 0.00 GB, 0.00 MB/s
Cumulative WAL: 4 writes, 0 syncs, 4.00 writes per sync, written: 0.00 GB, 0.00 MB/s
Cumulative stall: 00:00:0.000 H:M:S, 0.0 percent
Interval writes: 0 writes, 0 keys, 0 commit groups, 0.0 writes per commit group, ingest: 0.00 MB, 0.00 MB/s
Interval WAL: 0 writes, 0 syncs, 0.00 writes per sync, written: 0.00 MB, 0.00 MB/s
Interval stall: 00:00:0.000 H:M:S, 0.0 percent

** Compaction Stats [default] **
Level    Files   Size     Score Read(GB)  Rn(GB) Rnp1(GB) Write(GB) Wnew(GB) Moved(GB) W-Amp Rd(MB/s) Wr(MB/s) Comp(sec) CompMergeCPU(sec) Comp(cnt) Avg(sec) KeyIn KeyDrop
----------------------------------------------------------------------------------------------------------------------------------------------------------------------------
  L0      1/0   20.38 KB   0.2      0.0     0.0      0.0       0.0      0.0       0.0   0.0      0.0      0.0      0.00              0.00         0    0.000       0      0
